task = yelp
mcc = 0.9987976885212648
tp = 4774
tn = 5220
fp = 2
fn = 4
eval_loss = 0.0030464836478233336
