task = yelp
mcc = 0.9991984857872502
tp = 4775
tn = 5221
fp = 1
fn = 3
eval_loss = 0.002132537043094635
