task = yelp
mcc = 0.9989981785404111
tp = 4774
tn = 5221
fp = 1
fn = 4
eval_loss = 0.0025233404874801637
